1.0 1.0956352884628693 1.2784087399644064 1.0691813135355361 0.720444193386736 0.9390827385816793 0.8120931020022524 1.3793559266259847 1.1060707604653683 0.725545874571314 1.0430625136735068 1.3890321366681468 1.042051663702185 0.7270544007559465 0.6611894877480181 0.8636295496589972 0.6447872369250511 0.7273752795760039 1.1508849797672218 0.8182512871990335 1.2716494393592694 1.3563815630463791 0.6009780874789452 1.3284592414438268 0.9398155707143753 0.9797894169384693 1.3947113643044275 0.6149061838876019 1.2098436396438133 1.2520198688608564
0.5864627717498891 1.0 0.6729471159886642 0.5502027677893782 1.2780081508395178 1.3562380414636572 1.2116507767346048 0.8841251659182995 0.9799745258666185 1.2300811426960037 0.9401491139279553 0.5024371473374283 1.1390285118324677 0.7562663178508587 0.5484504551500672 1.0142455948341882 0.7505440019461972 1.3093030226151996 1.3736039724134255 0.6560564234491336 1.4065693268802968 0.6090637329021427 1.4907707595107564 0.6730460290373456 1.2957934965399747 0.5237960005183145 0.9205323101330717 1.1660291805638194 1.022762755653677 0.644868515613825
1.2431356577664083 0.5396105984315162 1.0 0.6568622117891558 0.9457822651384631 0.8555748012294013 1.2223081998424652 0.8670662820799825 0.8666566732226193 0.7623278765361716 1.4951220054129366 1.1155771142679711 0.5050913972369893 1.3780322620672898 0.9849529881174061 0.8290168973384465 1.0494696720043213 1.406681512394093 1.4274478319844106 0.7089426290786606 0.8113898229818152 0.8208941928383062 0.9234676673140615 0.7366803867977931 0.5691147858349352 1.1550882215063498 0.634903221402141 1.0425238898568934 0.7514660727335188 1.224704268425688
1.0129952631851928 0.786437876865846 0.6793016120743532 1.0 1.1711795137323526 1.4776012445898368 1.063963411679632 0.8450017221402213 0.5175174339581263 1.1488420446356358 1.1065112846261624 0.9616714240330941 1.2529485280894324 0.6617403686820142 1.4155342432289062 1.3083373019290045 0.6085352732567006 0.7682321194986323 0.9835578052387596 1.497394917963964 1.4711259911542571 0.6828951248927664 1.0910737204775538 0.7451515852159636 1.3148475098887333 0.7101341991825908 1.4492442992985004 1.2003275420852648 1.192486807284903 0.7074419298884571
0.7586477921243185 0.9178295263960659 1.2200098551831435 1.4750940413716152 1.0 1.0167630909913208 1.286820820937138 0.582774469585529 1.1367379527696193 1.2222492481010752 1.0819563851255003 0.7705649069176405 1.248769737833758 0.9665606178949461 1.3587422850480397 0.9033067631191298 1.118663881862068 1.0858782263225968 0.8753155727386149 1.4043255620760595 1.388953090501902 0.5453616277295256 0.6056905274349954 1.4083173620968905 1.4056639851399766 0.8042330684576526 1.221612671018393 0.519847060135676 0.9916466752023122 0.7520281490752043
1.0619017359638327 0.9002602962702125 0.9564564247138898 0.7737546563314113 1.082906529360399 1.0 0.6848762533625576 1.131095659612577 0.9230558216261846 0.7729322234656371 1.1549542847208225 1.2179791434775344 1.4104332626541463 0.8768541903019533 0.9227036577712008 0.8665400638227819 1.147215712320931 0.6635451549220551 0.9186784199100706 1.346355745429319 0.7367843050651545 0.8172902563914585 1.3037880682397947 0.6785693891558008 1.338956345099596 1.0037683505056163 0.8486206758735294 0.8608098487740063 1.2042333270733718 0.8497977536974923
0.9631215531392086 1.2258793924930538 1.2538732655665066 0.5147860868941864 0.8473354222858878 1.4390766386645621 1.0 0.6465335132294485 1.3980505208737697 1.155577935694835 0.8287300190348089 0.7155271072811581 1.4352343891261277 0.8495756516611616 1.4056194603533163 0.5589070206589019 1.0482118564048557 1.1995947750753717 1.3264674448164993 1.1157572695807505 1.1033155038246492 0.7213411743857978 0.6838154554548137 0.9268998611590918 0.7901916574763116 0.7138614143096849 1.0123663057213412 1.4346202859844803 0.5621682367459364 0.9342858292481051
1.251166893349793 1.396737376944464 0.9630520660507821 1.1029659055877594 1.367751112018126 1.2911234214395733 0.5392662785228335 1.0 1.009575761166699 1.0137078102541586 1.1947489175203971 0.7452390708963292 0.8598218977499767 0.9772517135580743 1.0361650161951599 1.0489911395035274 0.7552724088535895 1.0135636600762687 0.8876841001045039 0.8784365418849125 0.8668566437749634 0.9803323165132029 0.7155887789869935 0.5781621592533406 1.0228428949111605 0.7738905311219451 1.0013154163765958 0.6999369973280869 1.1126474613934856 1.1935424232688465
1.4176581888585642 0.7811243383249453 0.6844126085897956 0.7795279358968733 1.2486109931863703 0.522492661901454 0.5325115099185597 1.056837383616159 1.0 0.754142051099931 1.0919299177120139 0.7444120011772285 1.004387023977321 1.4256042571713683 1.1663032592313827 1.2600335260747557 1.2420709050537995 1.4916546247987699 1.407538307678525 1.1364291112195615 0.92107005106781 0.5320485987834714 0.8959179072818692 0.8828463091037748 0.5641586812603018 1.1868038054183097 0.8462719720481398 1.186664515024454 1.26542578482419 0.8584354655142514
1.108733018393985 0.9018625474531798 0.7946058264362577 1.190212952311658 0.9352735756345182 1.4511531635138624 0.5655414791764002 0.6557180118755352 1.2830202137508508 1.0 1.3096172147517826 0.8311030901277978 1.2714638450717723 0.5787006430074702 0.5883745687677772 1.1328852188280685 1.4985614036396375 0.622292116955337 1.4001997248674463 1.3719732740501043 1.4639905633906434 0.5185678630598383 0.9651647991285949 1.2172097293007975 1.4745538267505562 0.9565974186716464 0.9512700055644914 1.0746631059273732 1.416122949428369 0.8238787337094298
1.1441131783617942 1.2969340207218454 1.3221339372484393 1.1820661113958304 1.390015977004365 0.5275669634480175 1.1966175834304873 1.0116279581057646 1.4237160648787275 1.2909796666009834 1.0 0.5948333850357647 1.4494878132421833 1.3208060395015677 0.6070860281383419 0.9852269209838577 0.6562225318098278 1.2662174476010573 1.0302518340449598 1.366930570665977 0.6974154547976537 0.6966516473124728 0.9852419976283995 0.7224694794580431 0.6070334218536098 1.4390791257579245 0.5562739175701767 1.419916900701553 0.5494423969131862 1.2101012038421806
0.9022287150610463 1.3655808789198898 0.8501366365904093 1.044669973170529 1.0181538120982605 0.5331308307676519 0.5629448167976187 1.0679948017819956 0.5036966493365175 0.8454813747533549 0.6310077737906983 1.0 1.0930410777352892 0.6055151705759906 0.6052902087730384 1.1931733971600207 0.7240354707788904 1.4549840368024562 0.8041306503783439 0.6168695274292237 0.7787435909571941 1.2392788211150942 1.263449098335766 1.0364358718238291 1.2010238091472922 0.7390176071462683 1.1303112059326503 1.1867811404654323 1.459250012618428 1.2487587591211051
0.593037465028619 1.4642777731921908 1.3401120865562703 1.117691180719938 0.7510812358494818 0.5108468969103096 1.3718055548443693 1.1532430915971539 1.4266387093470763 1.2418803416900954 1.21500298974108 0.779039044529637 1.0 0.8486804132735777 0.8821669426014095 0.6371671517123185 1.1253469518813923 1.0180876892184312 0.5562517254414798 0.8433965520620959 1.2695123934053583 1.295470568337091 0.5948363425518568 0.9266158257550596 0.9403913717935701 1.464748935086225 0.9137820253183431 1.2758150280178855 0.8454400529908881 1.1046005912001533
0.5241263423994694 0.905182640499689 0.7034561921876077 1.1615101565630863 1.3193281063859459 0.9675097915788851 0.866206374333933 0.5609478104860096 1.295325593722572 1.2690829662650787 1.0094683043141184 1.2714614430757991 0.8537246006944132 1.0 0.615983138596737 1.0134759765928218 0.948532286052412 1.0627339895253112 1.281697591796008 1.2436245122010592 0.864368324343173 0.8489240420799585 0.7588281687295111 0.8045731180479786 0.900665890710744 0.6906581599051944 1.365388815158469 0.5673968032666699 1.1246506111911652 0.9343162806593273
0.649383682293151 1.1525701751788096 1.200081060944334 0.649281448370221 0.8099775365284317 1.2487668604906603 0.6353903619432701 0.5341424750740988 1.1486388846983262 0.6587481548638683 1.226317715476974 0.9132465888719202 1.45964520280684 0.7204783099775025 1.0 0.578623327234941 0.7499548029679131 1.0277473240897725 1.1562498269006216 0.7388352089192809 1.3612805228822968 0.594602307243257 0.7738505163779053 1.137983319749643 1.0473484526418488 0.9804107180794102 0.751026074808855 0.8742199839817656 1.483053492430296 0.6369586203647531
0.54807223097682 1.0079837517478725 1.4025176266228123 1.081786376116955 0.8453501877621097 1.0849135261210232 1.1934431311021765 1.4318792094981299 0.528596033402569 1.3581773866111115 0.5539851738347288 1.0120974806052683 1.0936141441673826 1.2260330552361693 1.4502333113429136 1.0 0.9479313623768333 0.6372362866468557 1.3294278628856169 0.7592328610190822 1.2980961648280411 0.5118489031844103 0.8106668740342862 1.3921107750404786 0.7620741568989439 1.312463147789797 0.8934530638240586 0.6260786440916315 0.7728718555652132 1.0007190647132744
0.9982472411523744 0.7274178553441331 0.7449511782283085 0.8067124940389985 0.7979894769992368 0.5294953525160198 1.063236410491331 1.220918465377264 0.9793538067046879 0.7999255351009333 1.2903361265398003 1.3425459823443535 0.5125994476717511 0.8163768500679526 1.4044295674378886 1.4230466311646306 1.0 0.5328686568089932 1.006293729238242 1.113486696516809 0.702928295178646 1.3080377824949634 0.5383779669918776 1.3709500840441113 1.3980023786416673 1.3499693871253673 0.9543011442583296 1.4747166557957474 0.9300876343571853 0.8653732718076017
1.3841964315722817 0.5520510411445136 0.701576073595479 1.456814193140624 0.787290999632983 1.4445386322136673 0.8148773886431367 0.691133984636833 0.771171804791477 0.6348078283674597 1.2326486675353976 0.7590500864062089 0.8962214215877227 1.0158140733028418 1.2860830362444258 1.3578693582821684 1.0161535787185743 1.0 0.7766779042203964 1.1984323672612707 1.11915253436031 0.6098962762305947 0.9700731455707087 1.3074606678596434 1.1444939179259292 0.5550847998556061 1.311008638575149 0.8142365143310853 1.2019268361111017 0.8042973569167794
1.1597478917358695 1.3553700840331082 0.6683260105543789 1.460281526504523 0.7622199521652642 0.612118417238241 1.0342849171747686 0.6843885857761371 0.5215856458321533 1.3519581216885097 1.049985523215696 1.3678361411553328 1.231086095117945 0.8225825783494666 1.1846045209599607 0.6926985586637819 0.5813096195816336 0.8385535423869214 1.0 0.6090122036409854 0.9520478161603665 1.1629696453586909 0.9419138506704061 0.9000363110214389 1.4458320344711673 0.8688316751860767 1.2270463837585235 1.3249133984935648 1.2488642789174578 1.4923188147629831
1.13369634849346 0.5560954832488852 1.3772813866379092 1.3799980813214305 1.077475642528536 1.1578303764101059 0.5519679718189001 1.4146501606275832 1.1854934249281748 1.3981571661414196 0.5420624761381653 0.8931107495919643 1.1396953302672008 0.536298084937261 0.7627681492381368 1.2395939868577748 0.9899639136648503 1.1912146116612463 1.3143865472474738 1.0 1.2590701320213933 1.2619984532473132 1.3904876156745796 0.7686390758354588 1.32746850021056 1.1359878764761846 0.8313252696260899 0.9321448055882646 0.662674529737665 0.9519344342094007
0.774064344818292 1.1515813830647808 1.3615875519789438 1.3540138751846535 1.2954966717430598 1.1769984905560391 0.963464095702075 0.7434140710378889 1.2204837607704286 1.4374622475905428 1.1247529610337195 0.6716233859534597 1.227143717956892 0.5821563347153118 1.3525107070255724 1.3233348259036672 1.0112424173445989 1.2479860390417366 0.5162216532887992 1.050769379602051 1.0 1.3722547384280204 0.7075094747979561 0.9929427170577977 0.5660307456614669 1.1155558134694394 0.9950345856971737 1.4883426197153755 0.846113895009596 1.1391530459052626
0.7591709684223286 0.7109459811417731 1.261786285343141 0.54900011747194 0.8473016678762887 1.0753274391599579 0.566795903620629 1.0240806212217746 0.6392511860278046 0.8753004468544175 0.782726819652909 0.9945720326758284 1.3400380806317789 0.550389489357141 0.9045145248827416 0.6094437235148995 0.6452660454019219 0.9320323319144371 1.2363605089387053 0.6571477326908792 1.01703088367141 1.0 0.8841987316146556 1.0910228710783092 1.4179842775813665 0.9830758154119322 0.5712607230489936 1.1637781146077577 1.1498101848396838 1.3996655184438331
0.5592430515248771 1.4889609148424983 0.9180717701869113 0.6655797882221193 0.6749222943030343 1.1081716589786905 1.1447911613302795 1.3735227364781313 1.2473799989547674 0.9205086624257739 0.8202234886387041 1.3160201772546496 1.316666531544661 0.9865091195633212 1.493284328513792 0.8085725283740343 0.6971514939863708 1.190201905743495 0.5782509061012974 1.2058818927461563 1.3846261779359643 0.855093279640359 1.0 1.4422525160564024 1.0514046878996388 0.6203036190800305 1.375867015363033 0.5077416833544245 1.3623337392243622 1.4295350127408226
0.7545957472281573 0.5555578886940313 1.4533516840973362 1.1089452494298593 0.5308487848355664 0.6139393569323032 0.9803692483388758 0.6099564012040235 0.7774406278267231 1.471355127947517 0.5174733169583279 1.036115829248446 0.52242943267574 0.7761551404451174 0.6752458033409054 0.8095160366517156 1.4603403197177993 0.9797028361397051 0.6060709924354829 0.8115517733216652 1.4461279020384412 1.1404531905542254 1.3894372663217793 1.0 1.2946307912810542 0.7950569279207642 1.3757763693349168 0.8172998292394174 0.847605088411786 1.1415851440538667
1.1972194119170274 0.7681237488014206 0.86998494801174 1.0090775731109156 1.3952519664383778 1.4509337206994155 1.4784127500317719 0.8291026599381265 0.6425958483438853 0.7865159181811762 0.6071905337544078 1.2886275271170382 1.2127271415476826 1.3693090467881124 0.622470788968203 0.6524096519390765 1.366629086093762 1.3613285448007595 1.124084970597132 0.7313058044713096 0.9479724829277731 0.5600030874876091 0.7709056631531944 1.3905988553294915 1.0 1.219830089006586 1.3168569264616632 1.071294919806929 1.4293947843491455 1.0924821525383908
0.6737202134842445 1.0470650231650676 0.6887310079448753 1.300105333686557 0.7095380128553511 1.365667768682452 1.426877906937712 1.3901318222357264 0.5374965745154665 1.4004542078514994 0.5147909570027046 0.671304238462169 0.7310015067641668 1.4661381954129262 0.5032685314478758 1.0004548215716416 1.2072494826429039 1.0148410402213266 1.48902229497953 0.8763290548678042 1.4084303749902827 1.4913996168368602 0.9842816598614769 0.6894137165899573 0.7044646699807268 1.0 1.18008524201188 0.677924844764348 0.889954616062916 0.6923943414940293
0.8325290638365582 0.8917284874848345 1.1720198838022153 1.163006644659045 0.790655221290991 0.8169480493765328 1.4754638127782274 0.9620963884758255 1.473938926439256 0.5668787300355271 1.426352407821581 1.2048870871474295 1.1012696359399006 1.077039613072543 1.377959165649501 1.1053978364805577 0.6997569107326055 1.101707514165153 0.8680641645303235 1.294026357251974 0.7298002420702308 1.4924555956352994 1.0790903200148314 1.2416685811131765 1.2934005507332613 1.0108758861485936 1.0 1.2732816266731066 1.4631970607417837 0.9886908757159762
1.3981190153242395 0.8963773672125536 1.0848676672938191 1.1269091311043973 1.237290877971122 1.2270177052754097 0.9169826351802468 0.762405141547447 0.8402187604020337 1.4751358077107704 0.8923778686317732 0.6887412985723607 0.8383318469451883 1.4637860434019352 1.4625710507665572 0.7840637885679311 1.254951658973137 0.5856899585540295 1.2709268308513106 0.582671990606387 1.312475685175507 1.3088329274559072 0.6068288472952327 0.7434742667016713 1.2394052648434806 1.313960853396361 0.7048045352357564 1.0 0.7166458055416758 1.4031959067083157
1.2675673182593583 1.3824746011807139 1.2377068725461613 0.6501919678082276 0.7160727317209562 1.2396528622292315 0.6878065608787918 1.3011204374524974 0.7296234011058564 0.6458240074490676 1.4237276272441055 1.268536729571828 0.7457602988838263 1.083217407393212 0.7450241664876491 0.5947472027964553 1.4903614391920392 1.2842095745790694 1.396664797872168 1.4690779143622001 1.0739584521943741 1.4036591125502849 0.9544474020791507 1.4468854288289084 0.8510322166911606 0.5139320936411569 1.4602166017096687 0.5191302513977727 1.0 0.8459531958028191
0.7631712684173078 1.0035986132217471 0.9230935719226828 1.0991237545485786 0.6745051004933179 0.9185562873713179 1.0853799320613522 1.1343018446279114 0.5759437695900519 0.5050440718019125 1.3560069547395674 1.0070055930289694 0.5797823654525528 1.050171514760943 0.672510842820746 1.063118220171777 0.85101039489024 1.410664356400185 0.9246279248295298 1.0858217801146353 1.2139146233805436 0.778703547823942 0.6579601465883 0.6802072389261832 1.4543825894632794 1.4439291400782996 0.7578363567814115 1.196358740825427 1.1474498672508666 1.0 